3.73237
3.43373
3.86351
3.2432
3.54272
2.92226
3.7093
3.11004
3.69069
4.19609
3.91607
3.85246
3.18373
3.77577
3.68409
2.75781
2.05003
2.15558
2.05738
1.95428
2.13787
1.97507
1.84192
1.86744
1.45159
1.35232
1.36433
1.55442
1.47093
1.31122
1.09562
0.992167
0.982037
1.07997
1.00892
1.00479
0.989509
0.997844
1.03898
0.946344
0.857206
0.854882
0.859018
0.870793
0.853912
0.887117
0.916549
0.865223
0.84738
0.825953
0.748848
0.74938
0.747904
0.820073
0.775751
0.760604
0.75334
0.749435
0.96082
0.859373
0.719391
0.715505
0.7
0.73804
0.718976
0.718012
0.713577
0.770154
0.721974
0.703032
0.721739
0.716007
0.700938
0.755754
0.709952
0.709112
0.706219
0.70694
0.710297
0.698666
0.715145
0.708427
0.719715
0.725092
0.709326
0.714375
0.699314
0.714206
0.726111
0.71891
0.765119
0.72729
0.717473
0.72363
0.774674
0.718887
0.706541
0.703932
0.706053
0.712901
0.707677
0.69996
0.71107
0.706269
0.704503
0.73454
0.713826
0.710664
0.723934
0.794508
0.718571
0.709735
0.698506
0.765022
0.731103
0.702678
0.741271
0.858763
0.723717
0.709487
0.711867
0.712455
0.706841
0.726259
0.709813
0.70799
0.705311
0.710874
0.739095
0.711193
0.706146
0.737396
0.705666
0.704258
0.705328
0.712951
0.769215
0.717141
0.717801
0.707132
0.774422
0.705025
0.715575
0.717619
0.700406
0.711829
0.819876
0.724497
0.700862
0.708053
0.720412
0.729093
0.708445
0.707136
0.717434
0.722281
0.707781
0.711249
0.706515
0.757156
0.732203
0.715498
0.699261
0.704587
0.749076
0.71389
0.707091
0.706852
0.70989
0.706154
0.706626
0.712843
0.703804
0.705531
0.7345
0.724872
0.91484
0.850081
0.73041
0.718366
0.710151
0.704424
0.765787
0.729001
0.711031
0.742239
0.750508
0.712387
0.706666
0.708156
0.74256
0.705525
0.704448
0.707519
0.706644
0.704104
0.733239
0.715678
0.706927
0.699109
0.712692
0.708499
0.704499
0.704845
0.710908
0.869214
0.794063
0.723732
0.71212
0.71231
0.70036
0.721777
0.720962
0.7019
0.711577
0.708689
0.712525
0.723869
0.710094
0.722676
0.766245
0.710843
0.709324
0.714606
0.699761
0.705633
0.712017
0.700191
0.763156
0.731741
0.713142
0.707196
0.705999
0.709767
0.769454
0.946291
0.85103
0.724136
0.717277
0.70704
0.722722
0.708915
0.709649
0.731386
0.709784
0.711121
0.705789
0.725848
0.713578
0.705053
0.733824
0.780592
0.722649
0.710252
0.706317
0.707449
0.706855
0.705055
0.70607
0.711944
0.706917
0.698663
0.70972
0.708962
0.736179
0.717164
0.75156
0.708274
0.701234
0.72749
0.707009
0.705238
0.705856
0.703956
0.767864
0.715678
0.718148
0.708377
0.78037
0.707466
0.711259
0.712828
0.723294
0.713694
0.705452
0.709236
0.700154
0.709794
0.712635
0.700512
0.740778
0.708492
0.706458
0.761685
0.875904
0.723222
0.711767
0.759778
0.727604
0.71239
0.727093
0.702504
0.712357
0.708201
0.699839
0.708741
0.703766
0.704112
0.734607
0.711519
0.705162
0.700356
0.743576
0.711596
0.706015
0.706938
0.719954
0.729324
0.701107
0.713893
0.73659
0.756272
0.706892
0.722491
0.762416
0.713089
0.714219
0.707873
0.715675
0.719142
0.707602
0.715608
0.70088
0.712363
0.747604
0.714064
0.734101
0.712874
0.71402
0.699861
0.712635
0.706704
0.703913
0.709541
0.777672
0.7206
0.707096
0.706144
0.706598
0.704472
0.735143
0.723904
0.750907
0.86707
0.74301
0.718146
0.705679
0.710763
0.746983
0.71824
0.7114
0.698882
0.717094
0.706712
0.708657
0.699646
0.712905
0.807923
0.716338
0.707275
0.74311
0.728759
0.702752
0.706616
0.712567
0.718996
0.708202
0.714403
0.71162
0.700661
0.703417
0.720009
0.738344
0.718512
0.706996
0.703634
0.704309
0.703217
0.708288
0.698809
0.847454
0.743572
0.716204
0.711161
0.701401
0.70987
0.703574
0.704522
0.702611
0.70464
0.705744
0.704588
0.709437
0.702266
0.71039
0.736075
0.719189
0.706429
0.710955
0.711754
0.705834
0.699849
0.878891
0.858806
0.734834
0.704348
0.721533
0.730555
0.707611
0.720881
0.70543
0.708461
0.699451
0.707454
0.737328
0.709456
0.706718
0.750977
0.735518
0.700758
0.706423
0.709135
0.703224
0.704051
0.703438
0.703171
0.769095
0.722181
0.712231
0.706214
0.704682
0.711374
0.721501
0.705707
0.704503
0.714879
0.726127
0.701368
0.715661
0.703523
0.717722
0.71788
0.734873
0.707548
0.70011
0.709396
0.706318
0.73993
0.70739
0.769782
0.735543
0.705108
0.710381
0.740006
0.71668
0.701433
0.704576
0.706807
0.700217
0.707461
0.705726
0.842386
0.841002
0.732933
0.73656
0.711909
0.704558
0.704796
0.704593
0.704402
0.704651
0.720241
0.761264
0.723733
0.712587
0.735806
0.708354
0.70016
0.715266
0.764457
0.710264
0.706731
0.703832
0.711815
0.721064
0.712142
0.704166
0.718712
0.738561
0.710642
0.716278
0.731926
0.777004
0.716446
0.707987
0.749223
0.736005
0.712808
0.701861
0.750749
0.722527
0.723116
0.726738
0.710227
0.710194
0.700823
0.737879
0.709463
0.703485
0.705543
0.755748
0.721814
0.701558
0.70505
0.70974
0.703404
0.704477
0.708945
0.726764
0.823802
0.908709
0.750837
0.71855
0.714207
0.700122
0.706718
0.71152
0.721391
0.710368
0.703301
0.703182
0.705116
0.703086
0.743838
0.703742
0.743398
0.704501
0.70319
0.704217
0.706272
0.708767
0.787451
0.777393
0.728328
0.710479
0.70457
0.704264
0.767761
0.71268
0.704474
0.732219
0.708933
0.704648
0.707013
0.730388
0.708484
0.744347
0.747303
0.714411
0.70984
0.700609
0.707505
0.708231
0.698931
0.739489
0.756476
0.716915
0.702094
0.703643
0.707339
0.69933
0.708682
0.702977
0.753833
0.704136
0.712374
0.709913
0.699544
0.708823
0.808864
0.855165
0.716297
0.709465
0.711038
0.705393
0.718685
0.708232
0.736264
0.777658
0.709316
0.722422
0.740361
0.71843
0.715891
0.738611
0.71155
0.699181
0.712438
0.705608
0.698124
0.707864
0.702547
0.750729
0.720758
0.719325
0.705426
0.699282
0.709025
0.709169
0.726885
0.704105
0.778938
0.72335
0.704406
0.715999
0.725228
0.712266
0.71788
0.716751
0.713318
0.699706
0.713226
0.705507
0.722931
0.70724
0.70718
0.744085
0.703715
0.712459
0.705221
0.702998
0.704506
0.702988
0.708034
0.764426
0.725364
0.711277
0.70727
0.891677
0.812696
0.727096
0.710132
0.701104
0.711724
0.726002
0.714533
0.699972
0.713222
0.733287
0.701704
0.711687
0.702199
0.70578
0.730129
0.708684
0.722716
0.702742
0.785855
0.761842
0.725867
0.70214
0.711571
0.711276
0.70507
0.703002
0.708269
0.716339
0.729711
0.861395
0.719037
0.710285
0.728107
0.731979
0.73493
0.715941
0.700677
0.708754
0.706962
0.70404
0.703568
0.771912
0.722895
0.703646
0.712424
0.71646
0.704408
0.711548
0.703755
0.709517
0.69967
0.708039
0.702704
0.699452
0.735747
0.708968
0.723334
0.71946
0.817259
0.801778
0.746284
0.705185
0.707819
0.710901
0.778175
0.707628
0.741102
0.710995
0.705466
0.706528
0.708399
0.705719
0.700071
0.744418
0.70501
0.724169
0.710338
0.707852
0.717206
0.733352
0.717095
0.709206
0.704782
0.707808
0.707303
0.746222
0.702035
0.790174
0.75723
0.749229
0.703682
0.739004
0.718334
0.702383
0.712184
0.706365
0.704262
0.728502
0.709003
0.713617
0.700394
0.709791
0.735697
0.713435
0.707118
0.70444
0.708538
0.700421
0.703098
0.708327
0.790104
0.728715
0.714788
0.713659
0.70042
0.708313
0.713492
0.803541
0.868106
0.712061
0.715981
0.708037
0.699599
0.711178
0.73064
0.737939
0.703027
0.709805
0.7091
0.723698
0.712993
0.704912
0.713129
0.779704
0.722105
0.714586
0.700937
0.762866
0.713563
0.71006
0.7054
0.705486
0.709786
0.707842
0.708967
0.707598
0.706634
0.83347
0.742625
0.720964
0.712728
0.704278
0.725346
0.708954
0.704302
0.707627
0.745921
0.72801
0.716419
0.729834
0.709225
0.708209
0.700911
0.709042
0.703863
0.699888
0.709942
0.703876
0.704636
0.703842
0.703631
0.765522
0.703718
0.728888
0.713442
0.705719
0.771784
0.907262
0.724982
0.748803
0.71635
0.730562
0.716825
0.718667
0.70485
0.710699
0.705189
0.704761
0.705273
0.705589
0.703468
0.738004
0.710309
0.743345
0.742138
0.718595
0.709852
0.709966
0.700849
0.712275
0.705725
0.699734
0.744701
0.734011
0.716355
0.70052
0.848759
0.718242
0.708835
0.706274
0.70498
0.707486
0.698588
0.733162
0.711305
0.699229
0.713875
0.706135
0.743716
0.704474
0.710176
0.712424
0.699201
0.711225
0.706479
0.715952
0.756058
0.715347
0.714357
0.706053
0.761377
0.727738
0.744335
0.709297
0.707547
0.782659
0.828056
0.753323
0.70331
0.7094
0.740481
0.704442
0.736717
0.710394
0.711704
0.700842
0.707238
0.712128
0.720138
0.786563
0.737592
0.717961
0.706921
0.706748
0.745167
0.704043
0.726838
0.713956
0.70638
0.703883
0.704666
0.713239
0.69939
0.710599
0.779823
0.830362
0.711502
0.710189
0.712969
0.705066
0.699563
0.765093
0.735339
0.718897
0.703106
0.713132
0.730031
0.743672
0.722183
0.709311
0.727735
0.701616
0.706772
0.714246
0.700604
0.726372
0.751106
0.771711
0.706926
0.708726
0.713219
0.700151
0.710042
0.705783
0.808521
0.83189
0.71782
0.716942
0.706869
0.733278
0.777928
0.736311
0.728225
0.704054
0.738879
0.713751
0.71086
0.701472
0.724483
0.736981
0.741513
0.717459
0.709328
0.706447
0.70465
0.706488
0.713217
0.720424
0.764564
0.720283
0.710496
0.705502
0.707131
0.741465
0.807124
0.702984
0.714423
0.707097
0.704803
0.70786
0.715096
0.723505
0.73234
0.724096
0.757652
0.710887
0.710355
0.712927
0.705991
0.698891
0.720164
0.772955
0.720077
0.704035
0.707449
0.710106
0.699118
0.710711
0.707292
0.704247
0.706333
