0.317836
0.323411
0.290842
0.253065
0.252909
0.261931
0.251642
0.251497
0.264139
0.298683
0.251225
0.251056
0.260466
0.259991
0.254824
0.252849
0.262231
0.251434
0.251673
0.252035
0.25574
0.251917
0.251847
0.251557
0.255156
0.252072
0.251483
0.252188
0.254282
0.253949
0.261405
0.315465
0.262839
0.252401
0.252969
0.256952
0.251455
0.251269
0.252193
0.259733
0.283186
0.252264
0.251803
0.254619
0.250801
0.252162
0.251583
0.255285
0.251744
0.251329
0.251092
0.254395
0.25218
0.275658
0.256495
0.300487
0.508752
0.480558
0.325016
0.290374
0.316001
0.258181
0.258754
0.260171
0.264484
0.259984
0.260135
0.259085
0.284263
0.259153
0.259538
0.259894
0.26661
0.258552
0.260712
0.266614
0.270404
0.251529
0.251426
0.256944
0.251948
0.251914
0.25213
0.255865
0.250524
0.251853
0.251996
0.258041
0.250775
0.251594
0.312615
0.327343
0.273861
0.255175
0.257318
0.252028
0.251602
0.251245
0.258539
0.252535
0.251331
0.251155
0.258065
0.251046
0.252167
0.25162
0.256367
0.251162
0.251552
0.368885
0.441021
0.267028
0.253008
0.263998
0.324786
0.317867
0.457058
0.442223
0.32866
0.290777
0.251709
0.25139
0.258736
0.252023
0.251188
0.251085
0.26408
0.3185
0.251717
0.28253
0.262513
0.250939
0.251558
0.251434
0.259072
0.251921
0.252218
0.251265
0.258236
0.25252
0.25228
0.256991
0.251209
0.260944
0.251936
0.258337
0.252243
0.252286
0.252251
0.258444
0.252116
0.2514
0.252034
0.306599
0.25552
0.251928
0.252467
0.256597
0.282404
0.252467
0.252473
0.258394
0.250855
0.25127
0.251622
0.259283
0.250999
0.252366
0.252329
0.258214
0.251336
0.251435
0.251102
0.255169
0.252206
0.252047
0.318831
0.276941
0.259726
0.252421
0.26581
0.251923
0.250971
0.252009
0.255442
0.250635
0.251213
0.25162
0.255654
0.25308
0.261474
0.252164
0.258684
0.25227
0.251326
0.251628
0.259984
0.251986
0.251271
0.252195
0.256848
0.252171
0.252715
0.251814
0.257062
0.257869
0.251744
0.252368
0.260418
0.250536
0.252234
0.251338
0.257639
0.25207
0.25238
0.252483
0.275068
0.287408
0.254636
0.306275
0.267054
0.252505
0.251006
0.257191
0.25193
0.25148
0.251488
0.288057
0.252523
0.251766
0.252169
0.258521
0.252014
0.251934
0.251775
0.256956
0.252437
0.252203
0.251586
0.259579
0.255479
0.312443
0.306333
0.274862
0.282168
0.251727
0.259757
0.251786
0.251514
0.252013
0.255102
0.251058
0.251463
0.251177
0.257739
0.251591
0.25194
0.250704
0.2567
0.252791
0.251222
0.250866
0.258512
0.25073
0.251746
0.251612
0.257163
0.251946
0.251476
0.251031
0.285731
0.343805
0.33623
0.296655
0.254159
0.252806
0.250931
0.259921
0.252453
0.251918
0.284458
0.286056
0.254077
0.252121
0.257456
0.251023
0.252105
0.251849
0.257027
0.260019
0.252998
0.252265
0.2597
0.25298
0.252428
0.252244
0.257633
0.251659
0.252116
0.253239
0.257394
0.252239
0.251529
0.251349
0.262656
0.324844
0.259834
0.260829
0.252698
0.252659
0.253081
0.25719
0.252523
0.282575
0.252743
0.256295
0.252127
0.251489
0.252253
0.257204
0.252671
0.251303
0.252589
0.266806
0.271801
0.251512
0.251517
0.258622
0.251549
0.251187
0.251926
0.256541
0.25164
0.25125
0.251831
0.268449
0.251663
0.252767
0.252316
0.258361
0.252172
0.252862
0.251851
0.255666
0.251344
0.293606
0.28734
0.293091
0.255535
0.251719
0.255602
0.252376
0.250936
0.252201
0.265828
0.252607
0.25174
0.251602
0.256434
0.268597
0.25246
0.252292
0.2566
0.250953
0.251683
0.252047
0.255197
0.252011
0.251869
0.299657
0.296153
0.264534
0.254528
0.259427
0.251342
0.251253
0.252331
0.25829
0.251167
0.251648
0.25233
0.258871
0.251627
0.251346
0.252279
0.259076
0.252427
0.251274
0.251557
0.256546
0.252578
0.251728
0.251033
0.25767
0.252655
0.251336
0.252459
0.260746
0.305192
0.254536
0.253174
0.260554
0.252587
0.251465
0.251331
0.255864
0.251382
0.25296
0.252177
0.303632
0.267404
0.252752
0.258814
0.252874
0.251485
0.25332
0.258396
0.25138
0.252546
0.252233
0.256906
0.274291
0.301766
0.254941
0.258821
0.252204
0.252274
0.251498
0.256432
0.252507
0.252238
0.252078
0.258669
0.256826
0.324813
0.430456
0.480792
0.337215
0.283504
0.253311
0.251589
0.258748
0.252092
0.251422
0.251259
0.258902
0.2517
0.251274
0.25085
0.257328
0.262016
0.253355
0.252431
0.257254
0.252631
0.250606
0.252109
0.259638
0.251972
0.250847
0.252681
0.259604
0.252634
0.251707
0.252044
0.257735
0.252391
0.250922
0.251741
0.259837
0.250833
0.251868
0.252627
0.31626
0.285358
0.255721
0.25831
0.281436
0.250943
0.252347
0.255993
0.251567
0.251724
0.250956
0.257073
0.251
0.250239
0.250541
0.254518
0.252084
0.251748
0.251898
0.253592
0.252638
0.251533
0.250427
0.259307
0.316722
0.272694
0.261756
0.252627
0.252326
0.251882
0.256772
0.251599
0.252809
0.252967
0.256571
0.25196
0.252523
0.252735
0.256262
0.251812
0.251867
0.251849
0.256598
0.285129
0.254045
0.25847
0.261286
0.251928
0.251858
0.25138
0.257136
0.252015
0.251015
0.251494
0.25691
0.252671
0.251965
0.250969
0.25736
0.251363
0.252556
0.252284
0.25747
0.258675
0.252814
0.251962
0.27048
0.313297
0.253622
0.258988
0.250948
0.250611
0.251849
0.259646
0.252217
0.251193
0.250495
0.258137
0.252438
0.270133
0.253151
0.260383
0.252205
0.252199
0.252593
0.256569
0.250927
0.252492
0.261954
0.332909
0.255503
0.254006
0.251964
0.256908
0.251478
0.251324
0.251784
0.258235
0.251993
0.253233
0.257094
0.251219
0.252876
0.251639
0.257904
0.25242
0.251913
0.252054
0.260168
0.251699
0.251931
0.252584
0.257897
0.250589
0.251724
0.252635
0.25753
0.252391
0.251613
0.252434
0.257611
0.252356
0.251705
0.252352
0.256997
0.251928
0.283474
0.347054
0.364017
0.413976
0.273221
0.254086
0.251856
0.252706
0.25863
0.251568
0.251658
0.252771
0.258134
0.251947
0.31604
0.254479
0.261178
0.26194
0.252478
0.25199
0.258181
0.251694
0.251274
0.251821
0.258527
0.253456
0.357956
0.275138
0.253732
0.252054
0.250563
0.257636
0.251567
0.252738
0.252214
0.254986
0.252213
0.251953
0.251872
0.255262
0.251857
0.252712
0.252015
0.260313
0.252091
0.252369
0.251779
0.257228
0.252112
0.252707
0.252366
0.257387
0.251495
0.251421
0.252062
0.257308
0.25179
0.252301
0.252306
0.257195
0.251986
0.251781
0.251684
0.257861
0.252526
0.252259
0.251558
0.256447
0.315607
0.283924
0.259635
0.251911
0.251749
0.251348
0.257363
0.251902
0.251733
0.250882
0.253828
0.252487
0.251054
0.252002
0.261017
0.252898
0.257367
0.252658
0.277594
0.275002
0.252398
0.252428
0.263382
0.32592
0.261035
0.260097
0.254109
0.251977
0.251339
0.258661
0.251036
0.253087
0.250399
0.257457
0.252021
0.260178
0.251538
0.257703
0.252113
0.252876
0.274337
0.261565
0.253109
0.290785
0.252849
0.260466
0.252154
0.252127
0.251009
0.256527
0.252544
0.251515
0.252275
0.274391
0.252787
0.253129
0.251559
0.262023
0.251264
0.25185
0.25912
0.25177
0.264796
0.350908
0.27324
0.253588
0.25266
0.251384
0.257151
0.25219
0.251609
0.25317
0.257895
0.251774
0.253778
0.251758
0.257984
0.25265
0.252576
0.252262
0.25745
0.251431
0.251581
0.251704
0.25474
0.251155
0.251999
0.322353
0.275641
0.255364
0.253824
0.260343
0.251741
0.252045
0.251725
0.256168
0.33457
0.393806
0.356544
0.25557
0.280096
0.252058
0.260732
0.251867
0.251941
0.257271
0.25132
0.251634
0.250773
0.255787
0.251449
0.251275
0.251742
0.256421
0.26501
0.25515
0.252481
0.258487
0.252333
0.252214
0.25096
0.258527
0.252746
0.260609
0.252515
0.258737
0.251708
0.268282
0.296966
0.259369
0.251316
0.252124
0.250962
0.256838
0.251862
0.250908
0.252027
0.257956
0.282534
0.266923
0.25999
0.252069
0.251359
0.252497
0.253605
0.25212
0.25184
0.251149
0.254339
0.25191
0.261574
0.325878
0.268553
0.252125
0.252255
0.251372
0.256879
0.251988
0.251775
0.251733
0.269342
0.25334
0.252605
0.252879
0.257746
0.252187
0.252014
0.251687
0.25763
0.252464
0.251583
0.251274
0.257611
0.252023
0.252009
0.262016
0.259774
0.253274
0.254869
0.261372
0.257482
0.251499
0.251814
0.25912
0.252413
0.251684
0.250992
0.257519
0.251241
0.250362
0.251328
0.256416
0.252056
0.251616
0.332201
0.322479
0.255186
0.280817
0.257458
0.251326
0.252665
0.251481
0.256245
0.250773
0.252429
0.252243
0.256461
0.252182
0.261563
0.252019
0.258951
0.25185
0.251846
0.25135
0.257991
0.318922
0.268332
0.255118
0.259342
0.251295
0.252324
0.251606
0.257754
0.251749
0.251621
0.25074
0.254928
0.252247
0.251841
0.252109
0.254791
0.251681
0.252078
0.251116
0.255073
0.282403
0.259103
0.278813
0.252526
0.251357
0.252401
0.256582
0.251729
0.251536
0.25204
0.256804
0.251914
0.251363
0.250524
0.258816
0.251745
0.251235
0.2517
0.257312
0.252153
0.252384
0.305431
0.277588
0.252188
0.251614
0.278473
0.368942
0.447874
0.288184
0.254077
0.251211
0.251288
0.257209
0.251677
0.252287
0.251932
0.255789
0.252092
0.251496
0.251531
0.257575
0.262429
0.25236
0.303664
0.293769
0.254757
0.251935
0.253214
0.261467
0.2511
0.251719
0.260032
0.252015
0.251557
0.251771
0.2555
0.251618
0.251561
0.251595
0.25909
0.251796
0.25076
0.25182
0.259073
0.251171
0.25227
0.251658
0.257751
0.281793
0.251505
0.251345
0.259184
0.252375
0.251108
0.252262
0.260245
0.251852
0.252942
0.251745
0.260789
0.250972
0.25215
0.252461
0.258735
0.252703
0.276609
0.338447
0.259249
0.281717
0.25197
0.259601
0.251972
0.25314
0.251926
0.255114
0.251343
0.251721
0.252118
