0.263044
0.258362
0.25295
0.26129
0.252589
0.252729
0.252858
0.318171
0.479886
0.267854
0.256441
0.30753
0.435286
0.458551
0.591968
0.569998
0.309315
0.318749
0.326708
0.261718
0.26675
0.260321
0.260734
0.260658
0.286914
0.260857
0.261995
0.268115
0.260275
0.270134
0.253243
0.260142
0.252873
0.253468
0.252854
0.259018
0.253369
0.253507
0.252877
0.258271
0.25768
0.253146
0.253086
0.300164
0.256104
0.253756
0.253761
0.259074
0.252682
0.253566
0.252948
0.261304
0.252382
0.253111
0.253327
0.259197
0.283105
0.252979
0.260117
0.252923
0.252827
0.253248
0.261239
0.252573
0.253056
0.253073
0.26243
0.317288
0.296862
0.42755
0.588892
0.432473
0.261529
0.25512
0.25426
0.303021
0.253726
0.25255
0.253266
0.276886
0.254604
0.429409
0.400823
0.309453
0.324036
0.302185
0.255099
0.254453
0.260733
0.253172
0.253358
0.252845
0.260856
0.253264
0.254124
0.253732
0.258012
0.252727
0.253271
0.252472
0.260585
0.252857
0.25357
0.273602
0.330114
0.266638
0.255014
0.253961
0.260684
0.253062
0.253028
0.257125
0.252537
0.25346
0.253159
0.257746
0.253029
0.253715
0.252699
0.258189
0.252114
0.252904
0.252939
0.259963
0.284493
0.252571
0.257733
0.333643
0.262845
0.254137
0.252329
0.258952
0.252477
0.252637
0.252783
0.25821
0.252083
0.253722
0.251886
0.259618
0.252645
0.254226
0.258085
0.253188
0.253712
0.253436
0.257891
0.253299
0.252488
0.252578
0.25775
0.253901
0.253148
0.253598
0.258384
0.252871
0.25257
0.252512
0.257535
0.296565
0.263738
0.258691
0.267142
0.255578
0.257093
0.252621
0.255847
0.252993
0.252648
0.252925
0.298975
0.275421
0.255026
0.26011
0.253055
0.252834
0.253081
0.259954
0.253055
0.253496
0.253245
0.260485
0.283868
0.253891
0.252882
0.263881
0.251562
0.25336
0.253234
0.255928
0.25282
0.308487
0.284447
0.265899
0.254461
0.253621
0.258429
0.252594
0.252185
0.252058
0.259851
0.253681
0.25292
0.253193
0.257607
0.252746
0.253272
0.252403
0.257317
0.252936
0.252902
0.253337
0.256347
0.253451
0.252331
0.25322
0.256408
0.251914
0.25315
0.253528
0.255877
0.252942
0.252829
0.252575
0.255794
0.251767
0.252962
0.253109
0.254932
0.253186
0.253367
0.252535
0.255787
0.331758
0.259453
0.263159
0.254177
0.253641
0.252693
0.258203
0.253282
0.252496
0.251239
0.258629
0.306533
0.339336
0.368046
0.26039
0.2835
0.252251
0.260629
0.253064
0.253383
0.252785
0.263488
0.325779
0.262797
0.255296
0.261842
0.251865
0.253531
0.258271
0.253585
0.263391
0.253119
0.259915
0.252205
0.25286
0.252939
0.255836
0.252493
0.253031
0.252061
0.25627
0.253257
0.252893
0.252645
0.256386
0.281713
0.253572
0.252496
0.259761
0.252931
0.253347
0.252924
0.25809
0.283057
0.252071
0.253094
0.256563
0.252384
0.253551
0.251987
0.255606
0.253399
0.253752
0.252903
0.25644
0.288937
0.256032
0.260664
0.253217
0.252954
0.253176
0.258096
0.252847
0.252149
0.253465
0.257473
0.252626
0.252411
0.253639
0.256417
0.252525
0.267346
0.270224
0.260847
0.254074
0.252929
0.287607
0.305155
0.257104
0.252739
0.267035
0.252501
0.252744
0.253492
0.261785
0.259248
0.252298
0.252049
0.260761
0.253521
0.25224
0.253678
0.256138
0.252513
0.253503
0.2532
0.255123
0.252253
0.252629
0.254101
0.259713
0.253039
0.252642
0.253274
0.259665
0.252913
0.253661
0.253162
0.256345
0.253284
0.252799
0.253171
0.25611
0.25242
0.252771
0.253729
0.26018
0.253367
0.313779
0.263608
0.253265
0.252946
0.25229
0.255447
0.252123
0.25376
0.25294
0.257921
0.251883
0.252695
0.252944
0.255808
0.287577
0.30033
0.256472
0.25993
0.253
0.252526
0.25254
0.257449
0.27243
0.335894
0.27247
0.254838
0.28183
0.254106
0.255217
0.253304
0.252358
0.252809
0.255671
0.252485
0.252883
0.253168
0.255805
0.252905
0.252504
0.252937
0.25482
0.2529
0.253303
0.252777
0.255467
0.252019
0.252531
0.273013
0.369983
0.345663
0.286816
0.265601
0.253681
0.253144
0.253457
0.255658
0.252844
0.253646
0.251597
0.256407
0.251877
0.253716
0.260343
0.253479
0.256744
0.306948
0.26131
0.259174
0.257885
0.253158
0.256189
0.25339
0.253197
0.253266
0.255969
0.253172
0.253429
0.253364
0.255692
0.252097
0.254259
0.2529
0.25634
0.252697
0.254777
0.253647
0.26033
0.327215
0.263629
0.260847
0.284828
0.252074
0.253322
0.25658
0.252018
0.252994
0.253274
0.254859
0.253724
0.253478
0.252918
0.256104
0.252931
0.252629
0.252882
0.25542
0.252346
0.253077
0.284271
0.262939
0.254799
0.254232
0.254092
0.256602
0.252732
0.252417
0.252658
0.256709
0.252901
0.252757
0.253003
0.25666
0.252625
0.252208
0.252071
0.255663
0.253082
0.302584
0.324238
0.268368
0.284435
0.257366
0.261593
0.252705
0.253428
0.252148
0.258105
0.253172
0.252305
0.252923
0.258433
0.253567
0.252343
0.257525
0.254463
0.252343
0.253193
0.259639
0.25259
0.253116
0.255271
0.328543
0.262715
0.255477
0.25394
0.258794
0.252419
0.253473
0.253657
0.258598
0.252241
0.253347
0.252166
0.256872
0.26234
0.253527
0.253065
0.256325
0.283864
0.253875
0.252719
0.256137
0.252921
0.252762
0.255939
0.252067
0.25264
0.252917
0.256316
0.252244
0.253306
0.252713
0.255308
0.253169
0.25466
0.253676
0.256989
0.253517
0.252986
0.25236
0.255601
0.253158
0.253813
0.280885
0.294762
0.255248
0.25307
0.253693
0.258024
0.253901
0.253279
0.253111
0.256046
0.253414
0.25298
0.253681
0.256206
0.254368
0.253584
0.253863
0.255791
0.253559
0.320301
0.382027
0.455196
0.296441
0.266538
0.25387
0.253971
0.253985
0.259917
0.25328
0.252771
0.252933
0.257494
0.251984
0.253313
0.25612
0.252983
0.252557
0.252971
0.255748
0.253587
0.252324
0.252644
0.254943
0.252411
0.252054
0.252816
0.255793
0.253083
0.264647
0.253326
0.2563
0.253355
0.253458
0.252841
0.256297
0.252191
0.252857
0.252867
0.256076
0.252709
0.252778
0.252559
0.311857
0.285791
0.255017
0.253295
0.260957
0.252565
0.251633
0.253435
0.292079
0.29682
0.253993
0.258991
0.252495
0.253388
0.251559
0.259182
0.253653
0.253409
0.252829
0.272876
0.252913
0.253055
0.253365
0.264541
0.328648
0.262094
0.261462
0.255421
0.25128
0.251673
0.260472
0.253845
0.253671
0.252958
0.260231
0.252978
0.254143
0.252427
0.256237
0.254183
0.259066
0.253678
0.256857
0.253475
0.253124
0.253219
0.25913
0.252103
0.253375
0.253185
0.256388
0.252309
0.252605
0.2534
0.257367
0.252454
0.252611
0.253522
0.25563
0.252523
0.253072
0.25245
0.258788
0.25288
0.252744
0.252403
0.29062
0.268682
0.254575
0.258339
0.253392
0.252811
0.252537
0.256365
0.252781
0.253885
0.253442
0.260495
0.253851
0.253057
0.252976
0.26084
0.252294
0.263373
0.254296
0.259656
0.253046
0.253017
0.256539
0.333916
0.262597
0.255188
0.254091
0.261364
0.252167
0.254092
0.254044
0.261059
0.253676
0.253421
0.256256
0.25384
0.252493
0.252969
0.256189
0.253026
0.253722
0.253382
0.260411
0.252821
0.253252
0.253256
0.259892
0.252176
0.252614
0.252638
0.254756
0.252493
0.252983
0.252798
0.255978
0.322487
0.334091
0.351054
0.258535
0.283563
0.253179
0.274989
0.276006
0.254983
0.268855
0.261217
0.254121
0.253796
0.25527
0.252558
0.265086
0.253623
0.257749
0.252145
0.252522
0.254007
0.25547
0.253511
0.253123
0.253192
0.258055
0.253709
0.252546
0.252974
0.255566
0.252792
0.297548
0.28628
0.269601
0.253677
0.254086
0.251754
0.256318
0.253564
0.252861
0.253317
0.25468
0.292509
0.262457
0.259421
0.253761
0.253365
0.253735
0.255853
0.253673
0.253646
0.25312
0.255931
0.253397
0.252377
0.252468
0.255755
0.252717
0.253274
0.254225
0.256206
0.253811
0.254865
0.252963
0.256083
0.252956
0.253056
0.253416
0.255148
0.25246
0.25326
0.251991
0.256791
0.314129
0.255192
0.25274
0.257468
0.252631
0.253057
0.252778
0.256043
0.252994
0.253157
0.257119
0.262715
0.252922
0.253114
0.259817
0.252832
0.252483
0.253292
0.255994
0.253462
0.252153
0.253789
0.256498
0.3069
0.28657
0.255551
0.262909
0.261863
0.253121
0.254066
0.256828
0.252307
0.253181
0.252261
0.255749
0.25322
0.252415
0.253605
0.256103
0.253209
0.251121
0.252755
0.254708
0.253074
0.252516
0.256575
0.252273
0.253151
0.25242
0.259501
0.254752
0.253682
0.252988
0.256099
0.252904
0.253256
0.253263
0.259623
0.252239
0.252068
0.252953
0.255913
0.253333
0.254026
0.253317
0.260053
0.342819
0.259423
0.25512
0.263032
0.253161
0.251898
0.253963
0.255346
0.252834
0.253117
0.253264
0.255989
0.253265
0.25221
0.256259
0.252135
0.252086
0.253426
0.256448
0.253363
0.252314
0.255026
0.331565
0.261235
0.255598
0.256161
0.377368
0.341963
0.325031
0.286753
0.254922
0.252435
0.25299
0.256517
0.25261
0.253214
0.261586
0.253063
0.252119
0.252553
0.257886
0.252652
0.261803
0.254392
0.258802
0.253415
0.253319
0.252867
0.257913
0.252581
0.25275
0.25332
0.260269
0.25278
0.252266
0.253111
0.257618
0.252832
0.253705
0.273692
0.259878
0.300953
0.256396
0.255332
0.259249
0.252319
0.25253
0.253065
0.259174
0.283604
0.252895
0.258175
0.252655
0.252349
0.252989
0.258253
0.253471
0.253125
0.252799
0.264426
0.253491
0.253426
0.251898
0.259662
0.252867
0.296626
0.289629
0.271142
0.254624
0.253884
0.25292
0.258351
0.252673
0.253253
0.253572
0.258951
0.253332
0.252622
0.256599
0.254295
0.252986
0.252695
0.256429
0.253803
0.25336
0.252794
0.255308
0.253238
0.254561
0.260014
0.258322
0.253083
0.253073
0.252197
0.255265
0.252859
0.251894
0.25276
0.254992
0.252351
0.252877
0.253134
0.255319
0.261166
