0.64878
0.218232
0.219134
0.22723
0.218624
0.218257
0.256983
0.272745
0.264537
0.300349
0.275857
0.285002
0.278182
0.267737
0.22383
0.229891
0.218464
0.219496
0.218608
0.217512
0.232753
0.218763
0.217424
0.218064
0.241594
0.234883
0.218038
0.232809
0.230065
0.217276
0.226411
0.221988
0.223208
0.2254
0.217781
0.217385
0.217859
0.227218
0.266853
0.24683
0.242317
0.34766
0.33595
0.431337
0.276337
0.255752
0.218251
0.218757
0.224631
0.216541
0.217652
0.223153
0.219483
0.233313
0.218692
0.218763
0.216683
0.222798
0.217961
0.217883
0.218603
0.217103
0.224188
0.218343
0.218285
0.216569
0.22234
0.219513
0.218423
0.218673
0.220304
0.224959
0.218181
0.2194
0.21919
0.223998
0.219171
0.219739
0.218203
0.219297
0.233312
0.218398
0.217306
0.218193
0.22388
0.217848
0.237785
0.218399
0.218271
0.224989
0.248941
0.219333
0.218038
0.225296
0.218062
0.218194
0.218882
0.247136
0.274482
0.231953
0.220905
0.218365
0.224108
0.218014
0.218613
0.216868
0.224806
0.218705
0.217961
0.219278
0.228176
0.258751
0.232007
0.389279
0.431186
0.424172
0.217329
0.279
0.218641
0.219345
0.21948
0.224062
0.218912
0.216423
0.220206
0.218219
0.226243
0.224673
0.220046
0.216351
0.224913
0.217501
0.218639
0.217656
0.227362
0.223629
0.220015
0.227419
0.218797
0.224437
0.218189
0.217444
0.218361
0.217223
0.223005
0.217698
0.219051
0.219869
0.218192
0.222556
0.219131
0.218597
0.219294
0.221846
0.219274
0.233218
0.223291
0.217729
0.224713
0.219145
0.218397
0.223337
0.224396
0.248688
0.217989
0.21866
0.218625
0.225253
0.21794
0.21821
0.218277
0.221603
0.21859
0.219366
0.219374
0.21848
0.222673
0.218808
0.230363
0.228896
0.225657
0.219503
0.220221
0.257241
0.228765
0.218562
0.218811
0.246686
0.219032
0.223106
0.245954
0.258905
0.256539
0.247146
0.216668
0.218811
0.219689
0.224516
0.219297
0.21793
0.218097
0.224472
0.228283
0.218003
0.219457
0.218404
0.222995
0.218465
0.217779
0.21729
0.217243
0.222938
0.217714
0.21854
0.218456
0.21775
0.224084
0.21844
0.217303
0.21872
0.223922
0.219926
0.217659
0.219671
0.219516
0.222607
0.228905
0.237984
0.224964
0.223775
0.219016
0.221374
0.232586
0.225979
0.219301
0.219187
0.217569
0.218639
0.223841
0.248152
0.219666
0.21733
0.222464
0.218949
0.217321
0.219232
0.217012
0.222881
0.219183
0.219187
0.217722
0.218809
0.224211
0.218689
0.219178
0.219177
0.224378
0.245508
0.231601
0.222652
0.225307
0.218637
0.220139
0.219038
0.218092
0.222752
0.218557
0.218719
0.218278
0.216634
0.223825
0.218363
0.21692
0.224431
0.22724
0.219641
0.218382
0.219733
0.217254
0.224395
0.216469
0.219093
0.218045
0.223505
0.217783
0.223007
0.271994
0.268563
0.219996
0.217945
0.219196
0.219588
0.223574
0.223565
0.219011
0.216982
0.224626
0.218144
0.218056
0.217687
0.218608
0.224799
0.217376
0.218366
0.246228
0.22479
0.218347
0.231849
0.218225
0.217689
0.22542
0.217114
0.218187
0.219778
0.225187
0.220368
0.218819
0.219094
0.218895
0.221087
0.217579
0.219272
0.218087
0.218523
0.219537
0.219508
0.217478
0.219791
0.220397
0.219692
0.219273
0.216964
0.256075
0.22716
0.221571
0.217374
0.217727
0.224842
0.218854
0.219114
0.21854
0.224173
0.217931
0.21935
0.218018
0.219475
0.221761
0.21861
0.219
0.217084
0.218734
0.2231
0.218429
0.219432
0.219101
0.223556
0.219054
0.218844
0.219003
0.218973
0.223125
0.216821
0.218961
0.219463
0.223654
0.217806
0.218574
0.218551
0.219163
0.224747
0.217129
0.217594
0.217954
0.225015
0.218838
0.217517
0.218222
0.216607
0.22178
0.217579
0.219329
0.227366
0.272025
0.272234
0.298651
0.248535
0.257219
0.232275
0.219706
0.217797
0.228833
0.218895
0.217877
0.217876
0.217688
0.221728
0.217257
0.219178
0.217853
0.224778
0.218241
0.223557
0.220112
0.220066
0.226013
0.219001
0.241705
0.236932
0.229353
0.218027
0.218283
0.217373
0.218647
0.221915
0.219682
0.217583
0.218033
0.223118
0.219735
0.218789
0.218112
0.21985
0.222277
0.220282
0.218393
0.219888
0.221132
0.218851
0.220317
0.217827
0.218312
0.221461
0.217361
0.219466
0.21934
0.221299
0.218027
0.217372
0.218302
0.217387
0.221269
0.21924
0.218133
0.219673
0.218835
0.221566
0.217666
0.21921
0.219297
0.220755
0.218853
0.218933
0.220196
0.227241
0.235787
0.249794
0.219446
0.218707
0.222607
0.21896
0.219642
0.219294
0.217254
0.223821
0.219682
0.218573
0.218807
0.2234
0.217174
0.216382
0.218668
0.219263
0.223878
0.217681
0.219107
0.21806
0.222954
0.219616
0.219057
0.218048
0.220341
0.228398
0.248329
0.230923
0.217703
0.225768
0.217119
0.219061
0.218976
0.21913
0.221979
0.218525
0.217572
0.219454
0.221564
0.217869
0.22205
0.218055
0.21877
0.223699
0.217969
0.218673
0.217885
0.221626
0.218185
0.217928
0.217845
0.217868
0.220511
0.21861
0.218769
0.217942
0.221198
0.219163
0.216828
0.218612
0.219169
0.21912
0.21829
0.218899
0.219578
0.219769
0.220511
0.216677
0.217166
0.218959
0.221459
0.224554
0.237782
0.223453
0.21675
0.24114
0.22057
0.219582
0.218963
0.226247
0.21883
0.217992
0.218132
0.21917
0.222053
0.218681
0.219183
0.216917
0.222832
0.219826
0.217368
0.218407
0.218216
0.222481
0.219031
0.219128
0.218755
0.223656
0.217737
0.218482
0.217471
0.241873
0.244131
0.218337
0.218244
0.218415
0.223783
0.217573
0.218235
0.218833
0.218245
0.226861
0.218632
0.217646
0.21855
0.223336
0.218099
0.220134
0.249207
0.265752
0.254857
0.243896
0.244574
0.218352
0.224823
0.217681
0.217947
0.21824
0.24559
0.217853
0.21717
0.217249
0.21639
0.226908
0.218367
0.218098
0.217457
0.222054
0.217582
0.222168
0.218526
0.218692
0.223347
0.219001
0.218219
0.219203
0.221789
0.238278
0.217867
0.218394
0.218708
0.225278
0.218133
0.218055
0.218314
0.221862
0.217894
0.219023
0.218556
0.217266
0.222134
0.219808
0.217801
0.218028
0.221295
0.218426
0.248437
0.217758
0.219724
0.220573
0.219777
0.219057
0.218687
0.221279
0.218839
0.220612
0.244198
0.232823
0.228534
0.217727
0.245203
0.217593
0.220534
0.218605
0.21966
0.218262
0.21816
0.220291
0.217133
0.217622
0.218402
0.221349
0.219021
0.219097
0.219711
0.217213
0.219266
0.218651
0.218967
0.218784
0.220635
0.219466
0.217809
0.219453
0.218356
0.221391
0.218898
0.217797
0.218435
0.218582
0.220561
0.218054
0.218802
0.216804
0.223464
0.217684
0.220216
0.219838
0.217611
0.224014
0.218873
0.219788
0.236961
0.236416
0.271086
0.218437
0.218829
0.226167
0.217755
0.219229
0.217572
0.218466
0.220793
0.220413
0.221372
0.218207
0.223337
0.219886
0.217337
0.218033
0.218693
0.22134
0.217988
0.219871
0.219176
0.219715
0.221403
0.218241
0.217492
0.219498
0.219676
0.247656
0.232293
0.222197
0.218318
0.225843
0.219904
0.218606
0.218469
0.221907
0.219669
0.218273
0.218075
0.217382
0.220283
0.21761
0.218206
0.218218
0.220101
0.21594
0.219872
0.218232
0.216411
0.221979
0.219135
0.218477
0.217578
0.221458
0.217543
0.217218
0.217404
0.218523
0.221055
0.21853
0.218212
0.21844
0.218966
0.2175
0.219373
0.217147
0.217348
0.221583
0.219375
0.219797
0.218682
0.217423
0.219451
0.217893
0.218548
0.222061
0.227783
0.225722
0.23001
0.217997
0.219281
0.225845
0.218032
0.219588
0.218836
0.226565
0.255806
0.265026
0.265963
0.261225
0.219658
0.24708
0.218985
0.222589
0.217785
0.219266
0.218856
0.217401
0.223309
0.218677
0.216924
0.221835
0.254455
0.231458
0.222572
0.218283
0.218747
0.22478
0.218502
0.217244
0.218268
0.223695
0.219339
0.219144
0.217862
0.218484
0.225219
0.21789
0.218709
0.219104
0.223954
0.218063
0.217673
0.218109
0.219372
0.224155
0.220364
0.218917
0.218022
0.221549
0.21891
0.218361
0.217996
0.219463
0.222113
0.249845
0.21849
0.21849
0.219814
0.218479
0.216035
0.218817
0.217214
0.221794
0.218471
0.218538
0.219257
0.218839
0.220296
0.229039
0.22925
0.217836
0.225866
0.219002
0.217572
0.217561
0.217742
0.22153
0.220183
0.247628
0.232316
0.235967
0.227202
0.247352
0.21903
0.222435
0.219464
0.217969
0.217232
0.219786
0.221978
0.217222
0.219664
0.217307
0.221834
0.218589
0.219934
0.245802
0.232539
0.226237
0.216733
0.219421
0.216831
0.22321
0.219094
0.217986
0.219337
0.217597
0.22185
0.218705
0.218774
0.21843
0.221244
0.218632
0.21878
0.217464
0.218108
0.22071
0.220448
0.217353
0.218237
0.217185
0.221684
0.217106
0.217991
0.218022
0.219732
0.217858
0.223415
0.217934
0.217974
0.221391
0.2188
0.218764
0.218616
0.222114
0.218814
0.217921
0.218221
0.218084
0.222565
0.217894
0.219014
0.218755
0.223141
0.218324
0.250467
0.237938
0.221846
0.22336
0.220159
0.21702
0.21843
0.221579
0.218733
0.218361
0.21778
0.217725
0.220123
0.217625
0.219537
0.21786
0.2222
0.217389
0.218963
0.217985
0.217861
0.223479
0.219588
0.218594
0.218553
0.221945
0.227912
0.252152
0.223253
0.219277
0.22605
0.219553
0.21832
0.219183
0.220716
0.218088
0.217909
0.219127
0.218409
0.224233
0.226513
0.226003
0.218008
0.230205
0.21699
0.219187
0.246114
0.219062
0.221983
0.217897
0.218153
0.217792
0.249633
0.256879
0.254473
0.244514
0.227898
0.218034
0.217391
0.218298
0.218227
0.222168
0.217228
0.217262
0.21851
0.221358
0.218089
0.218252
0.218332
0.217181
0.223395
0.222886
0.247854
0.237261
0.226896
0.218211
0.216878
0.218845
0.21853
0.221259
0.217515
0.218642
0.21978
0.222151
0.216938
0.219741
0.218663
0.217283
0.221438
0.219844
0.219632
0.219916
0.220023
0.221897
